7 3
7 2
5 2
3 6
25 31
15 14
3 16
17 6
15 9
23 7
18 20
11 14
25 17
9 19
19 8
17 15
6 12
8 23
7 2
8 3
19 22
24 25
16 25
16 9
18 24
19 13
4 10
2 6
1 3
21 12
5 2
9 7
16 3
11 10
20 18
12 9
30 38
7 3
13 25
27 30
15 12
10 28
1 5
12 30
3 23
26 27
21 13
17 21
8 11
17 14
15 22
30 7
13 9
21 24
12 13
27 2
4 10
10 24
5 3
27 24
19 24
14 9
17 2
9 24
7 30
21 25
1 13
14 13
3 28
10 18
14 27
22 11
20 29
4 24
12 14
20 3
2 3
19 5
13 7
0 0
